37
15
10
1048576
500
Números generados: 500
Período: 21288
0.00037
0.0136
0.50319
0.61812
0.87032
0.20187
0.46906
0.3553
0.14622
0.41009
0.1734
0.41567
0.37982
0.05331
0.97264
0.9877
0.54475
0.15595
0.77011
0.49423
0.28653
0.60178
0.26601
0.8425
0.17254
0.38398
0.20741
0.67411
0.94203
0.85509
0.63824
0.61503
0.75613
0.97701
0.14934
0.52562
0.44787
0.57104
0.12839
0.7506
0.7721
0.56784
0.00997
0.36907
0.65561
0.25745
0.52553
0.44451
0.44701
0.53928
0.95337
0.27478
0.16681
0.17213
0.3687
0.64209
0.75741
0.02415
0.8936
0.06306
0.33305
0.32289
0.94699
0.03864
0.42987
0.90526
0.49471
0.30421
0.25588
0.46755
0.29945
0.07948
0.94096
0.81543
0.17077
0.31856
0.78686
0.11392
0.21513
0.95992
0.51723
0.13745
0.08585
0.17642
0.52756
0.51981
0.23312
0.62528
0.13525
0.00416
0.154
0.6981
0.82954
0.69304
0.64246
0.77085
0.52158
0.29836
0.03929
0.4539
0.79436
0.39141
0.48221
0.84197
0.15278
0.65286
0.15579
0.76415
0.27359
0.12274
0.54146
0.03393
0.25542
0.45047
0.66754
0.69916
0.86878
0.14484
0.35924
0.29206
0.80605
0.82402
0.48863
0.07923
0.9315
0.46553
0.22464
0.31166
0.53125
0.6563
0.2831
0.47468
0.56331
0.84261
0.1767
0.53804
0.90757
0.58014
0.46502
0.20583
0.61578
0.78391
0.0045
0.16653
0.16158
0.97834
0.19846
0.34299
0.69046
0.54722
0.24709
0.14243
0.26983
0.98372
0.39747
0.70646
0.13893
0.14037
0.19354
0.16105
0.95889
0.47908
0.72612
0.86656
0.06273
0.32116
0.88291
0.66771
0.70533
0.09726
0.59848
0.14361
0.31344
0.59741
0.10426
0.85772
0.7357
0.22104
0.17859
0.60791
0.49262
0.22694
0.39666
0.67639
0.02657
0.98326
0.38053
0.07978
0.95183
0.21754
0.04916
0.81904
0.30451
0.26671
0.86837
0.12953
0.79262
0.32705
0.10084
0.73097
0.04606
0.70422
0.05615
0.07747
0.86657
0.06326
0.34074
0.60751
0.4778
0.67859
0.10794
0.99393
0.77524
0.684
0.30794
0.39395
0.57629
0.32264
0.93782
0.69919
0.87019
0.19707
0.2915
0.78562
0.06809
0.51918
0.20983
0.76359
0.25298
0.36028
0.33048
0.22783
0.42976
0.90103
0.33804
0.50744
0.77517
0.68146
0.21394
0.91589
0.88786
0.85099
0.48651
0.00104
0.03833
0.4184
0.48095
0.79511
0.41897
0.50187
0.56932
0.0647
0.39402
0.57893
0.42056
0.5608
0.74963
0.7365
0.25051
0.26875
0.94381
0.92086
0.07185
0.65828
0.35642
0.18768
0.94415
0.93349
0.53924
0.952
0.22386
0.28286
0.4659
0.23822
0.8143
0.12924
0.7819
0.93015
0.41567
0.37985
0.05462
0.02095
0.77503
0.67631
0.02333
0.86314
0.93634
0.64457
0.84915
0.41866
0.49041
0.145
0.3651
0.50878
0.82493
0.52233
0.32606
0.06417
0.37448
0.85564
0.65878
0.37488
0.8705
0.20843
0.7119
0.34031
0.59131
0.87854
0.50593
0.71925
0.61211
0.6482
0.98324
0.37986
0.05497
0.034
0.2581
0.5497
0.33884
0.53694
0.86664
0.06566
0.42952
0.89235
0.01687
0.62405
0.08973
0.31996
0.83866
0.03051
0.12902
0.77389
0.63379
0.4501
0.65385
0.19259
0.12587
0.65723
0.31754
0.74893
0.71042
0.28568
0.57027
0.10013
0.70483
0.07862
0.90913
0.63779
0.59834
0.1386
0.12805
0.73789
0.30209
0.17751
0.56786
0.01079
0.3991
0.76665
0.36625
0.5512
0.39423
0.5867
0.70779
0.18822
0.96426
0.67767
0.07393
0.73535
0.20781
0.689
0.49298
0.24042
0.89539
0.12946
0.79015
0.23566
0.71938
0.61723
0.8375
0.98768
0.54405
0.12984
0.80398
0.74745
0.65552
0.2542
0.40541
0.00032
0.0118
0.43661
0.15449
0.71602
0.49278
0.23272
0.61077
0.59865
0.1502
0.55759
0.63072
0.33669
0.45772
0.93561
0.61765
0.85299
0.56083
0.75059
0.77175
0.55478
0.52691
0.49568
0.3401
0.58365
0.59523
0.02342
0.86664
0.06559
0.42691
0.79573
0.44219
0.36094
0.35497
0.1339
0.95444
0.31444
0.63429
0.46859
0.33798
0.50518
0.69162
0.58984
0.82423
0.49664
0.3756
0.89707
0.19153
0.08667
0.20673
0.64906
0.01507
0.5575
0.6274
0.21397
0.91691
0.92573
0.25187
0.31935
0.81601
0.19233
0.11627
0.30211
0.17818
0.59266
0.92861
0.35854
0.26612
0.84645
0.31876
0.79431
0.3894
0.4078
0.0885
0.27444
0.15446
0.71517
0.46144
0.07337
0.71463
0.44143
0.3331
0.32487
0.0201
0.74381
0.52087
0.27211
0.06794
0.51389
0.01399
0.51762
0.1521
0.62766
0.2236
0.27333
0.11339
0.19548
0.23272
0.61053
0.58951
0.81206
0.04621
0.70987
0.26504
0.80651
0.84085
0.11139
0.12141
0.4923
0.21526
0.96451
0.68695
0.4173
