37
15
10
1048576
2500
Números generados: 2500
Período: 21288
0.00037
0.0136
0.50319
0.61812
0.87032
0.20187
0.46906
0.3553
0.14622
0.41009
0.1734
0.41567
0.37982
0.05331
0.97264
0.9877
0.54475
0.15595
0.77011
0.49423
0.28653
0.60178
0.26601
0.8425
0.17254
0.38398
0.20741
0.67411
0.94203
0.85509
0.63824
0.61503
0.75613
0.97701
0.14934
0.52562
0.44787
0.57104
0.12839
0.7506
0.7721
0.56784
0.00997
0.36907
0.65561
0.25745
0.52553
0.44451
0.44701
0.53928
0.95337
0.27478
0.16681
0.17213
0.3687
0.64209
0.75741
0.02415
0.8936
0.06306
0.33305
0.32289
0.94699
0.03864
0.42987
0.90526
0.49471
0.30421
0.25588
0.46755
0.29945
0.07948
0.94096
0.81543
0.17077
0.31856
0.78686
0.11392
0.21513
0.95992
0.51723
0.13745
0.08585
0.17642
0.52756
0.51981
0.23312
0.62528
0.13525
0.00416
0.154
0.6981
0.82954
0.69304
0.64246
0.77085
0.52158
0.29836
0.03929
0.4539
0.79436
0.39141
0.48221
0.84197
0.15278
0.65286
0.15579
0.76415
0.27359
0.12274
0.54146
0.03393
0.25542
0.45047
0.66754
0.69916
0.86878
0.14484
0.35924
0.29206
0.80605
0.82402
0.48863
0.07923
0.9315
0.46553
0.22464
0.31166
0.53125
0.6563
0.2831
0.47468
0.56331
0.84261
0.1767
0.53804
0.90757
0.58014
0.46502
0.20583
0.61578
0.78391
0.0045
0.16653
0.16158
0.97834
0.19846
0.34299
0.69046
0.54722
0.24709
0.14243
0.26983
0.98372
0.39747
0.70646
0.13893
0.14037
0.19354
0.16105
0.95889
0.47908
0.72612
0.86656
0.06273
0.32116
0.88291
0.66771
0.70533
0.09726
0.59848
0.14361
0.31344
0.59741
0.10426
0.85772
0.7357
0.22104
0.17859
0.60791
0.49262
0.22694
0.39666
0.67639
0.02657
0.98326
0.38053
0.07978
0.95183
0.21754
0.04916
0.81904
0.30451
0.26671
0.86837
0.12953
0.79262
0.32705
0.10084
0.73097
0.04606
0.70422
0.05615
0.07747
0.86657
0.06326
0.34074
0.60751
0.4778
0.67859
0.10794
0.99393
0.77524
0.684
0.30794
0.39395
0.57629
0.32264
0.93782
0.69919
0.87019
0.19707
0.2915
0.78562
0.06809
0.51918
0.20983
0.76359
0.25298
0.36028
0.33048
0.22783
0.42976
0.90103
0.33804
0.50744
0.77517
0.68146
0.21394
0.91589
0.88786
0.85099
0.48651
0.00104
0.03833
0.4184
0.48095
0.79511
0.41897
0.50187
0.56932
0.0647
0.39402
0.57893
0.42056
0.5608
0.74963
0.7365
0.25051
0.26875
0.94381
0.92086
0.07185
0.65828
0.35642
0.18768
0.94415
0.93349
0.53924
0.952
0.22386
0.28286
0.4659
0.23822
0.8143
0.12924
0.7819
0.93015
0.41567
0.37985
0.05462
0.02095
0.77503
0.67631
0.02333
0.86314
0.93634
0.64457
0.84915
0.41866
0.49041
0.145
0.3651
0.50878
0.82493
0.52233
0.32606
0.06417
0.37448
0.85564
0.65878
0.37488
0.8705
0.20843
0.7119
0.34031
0.59131
0.87854
0.50593
0.71925
0.61211
0.6482
0.98324
0.37986
0.05497
0.034
0.2581
0.5497
0.33884
0.53694
0.86664
0.06566
0.42952
0.89235
0.01687
0.62405
0.08973
0.31996
0.83866
0.03051
0.12902
0.77389
0.63379
0.4501
0.65385
0.19259
0.12587
0.65723
0.31754
0.74893
0.71042
0.28568
0.57027
0.10013
0.70483
0.07862
0.90913
0.63779
0.59834
0.1386
0.12805
0.73789
0.30209
0.17751
0.56786
0.01079
0.3991
0.76665
0.36625
0.5512
0.39423
0.5867
0.70779
0.18822
0.96426
0.67767
0.07393
0.73535
0.20781
0.689
0.49298
0.24042
0.89539
0.12946
0.79015
0.23566
0.71938
0.61723
0.8375
0.98768
0.54405
0.12984
0.80398
0.74745
0.65552
0.2542
0.40541
0.00032
0.0118
0.43661
0.15449
0.71602
0.49278
0.23272
0.61077
0.59865
0.1502
0.55759
0.63072
0.33669
0.45772
0.93561
0.61765
0.85299
0.56083
0.75059
0.77175
0.55478
0.52691
0.49568
0.3401
0.58365
0.59523
0.02342
0.86664
0.06559
0.42691
0.79573
0.44219
0.36094
0.35497
0.1339
0.95444
0.31444
0.63429
0.46859
0.33798
0.50518
0.69162
0.58984
0.82423
0.49664
0.3756
0.89707
0.19153
0.08667
0.20673
0.64906
0.01507
0.5575
0.6274
0.21397
0.91691
0.92573
0.25187
0.31935
0.81601
0.19233
0.11627
0.30211
0.17818
0.59266
0.92861
0.35854
0.26612
0.84645
0.31876
0.79431
0.3894
0.4078
0.0885
0.27444
0.15446
0.71517
0.46144
0.07337
0.71463
0.44143
0.3331
0.32487
0.0201
0.74381
0.52087
0.27211
0.06794
0.51389
0.01399
0.51762
0.1521
0.62766
0.2236
0.27333
0.11339
0.19548
0.23272
0.61053
0.58951
0.81206
0.04621
0.70987
0.26504
0.80651
0.84085
0.11139
0.12141
0.4923
0.21526
0.96451
0.68695
0.4173
0.43995
0.27802
0.28686
0.61371
0.7073
0.17009
0.29319
0.84815
0.38157
0.11824
0.37491
0.87159
0.2489
0.2094
0.74782
0.66939
0.76729
0.38985
0.42463
0.71126
0.31663
0.71527
0.4649
0.20131
0.44867
0.60068
0.22508
0.32803
0.13704
0.0705
0.60849
0.51425
0.02726
0.00852
0.31533
0.66721
0.6867
0.40791
0.09266
0.4285
0.85463
0.6212
0.98444
0.42411
0.69217
0.61031
0.58147
0.51439
0.03234
0.19653
0.27146
0.04405
0.63001
0.31051
0.48898
0.09221
0.41195
0.24231
0.96547
0.72235
0.72679
0.89133
0.97925
0.2323
0.59504
0.01637
0.60552
0.4043
0.95907
0.48558
0.96635
0.75495
0.93315
0.5265
0.48068
0.78523
0.05341
0.97606
0.11434
0.23048
0.52785
0.53054
0.63001
0.31044
0.48637
0.9956
0.83728
0.97921
0.23071
0.53629
0.84257
0.17526
0.48451
0.92701
0.29923
0.07144
0.64328
0.80155
0.65743
0.32498
0.02441
0.90309
0.41426
0.32749
0.11714
0.33415
0.36365
0.45494
0.83261
0.80666
0.84642
0.31767
0.75383
0.8919
0.00028
0.01042
0.38569
0.27053
0.00979
0.3623
0.40493
0.9826
0.3564
0.18676
0.9102
0.67752
0.06842
0.53168
0.672
0.86408
0.97106
0.92926
0.38271
0.16044
0.93638
0.64612
0.9066
0.54414
0.13333
0.93324
0.52979
0.6021
0.27773
0.27595
0.21029
0.7806
0.88227
0.644
0.82798
0.63531
0.50653
0.74148
0.43463
0.08127
0.00694
0.25686
0.50386
0.64289
0.78684
0.113
0.18119
0.70396
0.04641
0.71713
0.53399
0.75764
0.03273
0.21085
0.80153
0.65648
0.28973
0.72013
0.64493
0.86238
0.90825
0.60533
0.39721
0.69665
0.77598
0.71117
0.31324
0.58993
0.82748
0.61675
0.81979
0.33228
0.2942
0.88555
0.76549
0.32309
0.95447
0.31543
0.67084
0.82117
0.38348
0.1886
0.97823
0.19468
0.20329
0.52167
0.30192
0.17116
0.33285
0.31562
0.67804
0.08751
0.23799
0.8058
0.8146
0.14004
0.1814
0.71193
0.34147
0.6344
0.47265
0.48812
0.06042
0.23563
0.71818
0.57284
0.19508
0.21814
0.07132
0.63894
0.64097
0.71574
0.48226
0.84366
0.21545
0.97157
0.94807
0.07859
0.90779
0.58818
0.76269
0.21971
0.12912
0.77748
0.76696
0.37736
0.96245
0.61077
0.59855
0.14629
0.41267
0.2687
0.94204
0.85558
0.65652
0.29132
0.77888
0.81872
0.29265
0.82804
0.63739
0.58356
0.59156
0.88764
0.84276
0.18231
0.74563
0.5883
0.76707
0.3816
0.11912
0.40755
0.07925
0.93238
0.49817
0.4323
0.99514
0.82002
0.34078
0.60885
0.52741
0.51424
0.02683
0.99286
0.73565
0.21914
0.10809
0.99936
0.9763
0.12319
0.55818
0.65277
0.15268
0.64926
0.02262
0.83689
0.96499
0.70456
0.06878
0.54487
0.16029
0.9307
0.43593
0.12926
0.78253
0.95365
0.28519
0.55196
0.42253
0.63377
0.44957
0.63427
0.46799
0.31578
0.68397
0.30685
0.35348
0.07879
0.91513
0.85974
0.81044
0.98626
0.49168
0.19236
0.11719
0.33606
0.43415
0.06348
0.34893
0.9104
0.6849
0.34129
0.62773
0.2259
0.3582
0.25331
0.37253
0.78352
0.99017
0.63646
0.54915
0.31862
0.78884
0.18703
0.92029
0.05092
0.88407
0.71069
0.29553
0.93453
0.57763
0.37247
0.78129
0.90792
0.59316
0.94678
0.03092
0.14395
0.32615
0.06742
0.49459
0.29984
0.09399
0.47755
0.66938
0.76719
0.38594
0.27971
0.34924
0.92198
0.11313
0.18581
0.87499
0.37456
0.85857
0.76714
0.38431
0.21965
0.12714
0.70437
0.06179
0.28637
0.59561
0.03754
0.38887
0.38818
0.3626
0.41605
0.39386
0.57294
0.19861
0.3487
0.90197
0.37287
0.79604
0.45366
0.78526
0.05457
0.01915
0.70845
0.21268
0.86903
0.15405
0.7
0.90004
0.30159
0.15877
0.8746
0.36005
0.32198
0.91319
0.7879
0.15228
0.6343
0.46905
0.35495
0.13316
0.92703
0.3
0.10016
0.70603
0.12301
0.55155
0.40733
0.07107
0.62949
0.29107
0.7696
0.47535
0.58805
0.75782
0.03954
0.46283
0.12467
0.61295
0.67904
0.12432
0.59971
0.18944
0.00939
0.34751
0.8579
0.7422
0.46127
0.06698
0.47832
0.69796
0.82471
0.51417
0.02447
0.90538
0.49912
0.46741
0.29419
0.88495
0.74329
0.50188
0.5697
0.07906
0.9254
0.23967
0.86762
0.10197
0.77296
0.5997
0.18891
0.98981
0.62291
0.04781
0.76893
0.45058
0.67153
0.84669
0.32741
0.11417
0.22448
0.3059
0.31844
0.78235
0.94681
0.03191
0.18051
0.67873
0.11292
0.17801
0.58645
0.69883
0.85661
0.69442
0.69351
0.66003
0.42103
0.5782
0.39329
0.55159
0.40874
0.12329
0.56175
0.78464
0.03164
0.17052
0.30925
0.44219
0.36102
0.35758
0.23052
0.52912
0.57754
0.36904
0.65465
0.2222
0.22125
0.18635
0.89514
0.12004
0.44156
0.33783
0.49981
0.49317
0.24726
0.14867
0.50092
0.53396
0.75651
0.99095
0.66504
0.60667
0.44685
0.5336
0.74317
0.49744
0.4052
0.99245
0.72066
0.66427
0.57784
0.38019
0.06722
0.48704
0.02044
0.7564
0.98696
0.51751
0.14804
0.47752
0.66836
0.72933
0.98505
0.44687
0.53427
0.76798
0.41526
0.36465
0.49191
0.20086
0.43184
0.97792
0.1829
0.76722
0.38731
0.33063
0.23319
0.62821
0.24361
0.0136
0.50316
0.61681
0.82201
0.41453
0.33751
0.48792
0.05319
0.96798
0.81536
0.1683
0.22717
0.40541
0.00018
0.00658
0.24338
0.00513
0.18982
0.02326
0.8606
0.84234
0.16651
0.16073
0.947
0.0391
0.44684
0.53325
0.73012
0.01437
0.53181
0.67694
0.04686
0.73397
0.15675
0.79982
0.59353
0.96058
0.5414
0.03178
0.17578
0.50378
0.63985
0.67456
0.95865
0.47002
0.39059
0.4518
0.71656
0.51261
0.96646
0.75901
0.08329
0.08175
0.02469
0.91357
0.80201
0.67451
0.95688
0.40474
0.97527
0.08484
0.13902
0.14365
0.31496
0.65355
0.18144
0.71331
0.39239
0.51835
0.17888
0.6186
0.88821
0.8638
0.96044
0.53628
0.84247
0.17134
0.33959
0.56499
0.90458
0.4693
0.36419
0.47522
0.58332
0.58288
0.56647
0.95937
0.49687
0.38414
0.21302
0.8817
0.62276
0.04202
0.55482
0.52832
0.5479
0.27236
0.07722
0.85726
0.71859
0.58784
0.74996
0.74839
0.69049
0.54803
0.27712
0.25348
0.37863
0.00938
0.34719
0.84615
0.30744
0.37522
0.88302
0.67191
0.86069
0.84573
0.29184
0.79815
0.53157
0.66798
0.71525
0.46412
0.17259
0.38592
0.27921
0.33096
0.24569
0.09038
0.3441
0.73168
0.07214
0.66904
0.75463
0.92115
0.08261
0.05648
0.0899
0.32614
0.06714
0.48415
0.91339
0.79527
0.42514
0.73035
0.02295
0.84906
0.41541
0.37029
0.70081
0.92989
0.40611
0.02604
0.96357
0.65202
0.12477
0.61655
0.8122
0.05158
0.90831
0.60762
0.48207
0.83657
0.95303
0.26197
0.69289
0.63688
0.56457
0.88916
0.89876
0.25427
0.40799
0.09563
0.53817
0.91237
0.75769
0.0347
0.28396
0.50669
0.74747
0.65658
0.29337
0.85461
0.62049
0.95832
0.45798
0.94539
0.97929
0.23389
0.65379
0.19016
0.03579
0.32408
0.99113
0.67193
0.86126
0.86661
0.06474
0.39558
0.63638
0.54605
0.20373
0.53787
0.90118
0.34383
0.72155
0.69743
0.80509
0.78827
0.16607
0.14478
0.35688
0.20458
0.56952
0.07229
0.67472
0.96482
0.69849
0.84422
0.23616
0.73794
0.30396
0.24671
0.1281
0.73976
0.37129
0.73775
0.29684
0.98298
0.3702
0.69724
0.79803
0.52716
0.50478
0.67694
0.04672
0.72874
0.96353
0.65047
0.06733
0.49106
0.16928
0.26334
0.74363
0.5143
0.02927
0.08294
0.0688
0.54554
0.18509
0.84852
0.39537
0.62872
0.26274
0.72122
0.68526
0.35466
0.12254
0.53405
0.75976
0.11106
0.10924
0.04188
0.54953
0.33248
0.30193
0.17148
0.3446
0.75038
0.76409
0.27147
0.04441
0.64307
0.79358
0.36237
0.40772
0.08575
0.17261
0.38656
0.30272
0.20048
0.41779
0.45829
0.95692
0.40622
0.0301
0.11371
0.20726
0.66878
0.74489
0.56081
0.75002
0.75086
0.78188
0.92948
0.39087
0.46203
0.09517
0.52148
0.29483
0.90874
0.62325
0.06044
0.23633
0.7443
0.53897
0.94187
0.84916
0.41891
0.49954
0.48315
0.87648
0.42964
0.89658
0.17354
0.42082
0.57043
0.10606
0.92416
0.19411
0.18212
0.73833
0.31804
0.76763
0.40238
0.88811
0.86005
0.82205
0.4158
0.38451
0.22696
0.3974
0.70381
0.04101
0.51738
0.1431
0.29474
0.90545
0.50184
0.56794
0.01379
0.51007
0.8727
0.29008
0.73301
0.12147
0.49424
0.28706
0.62137
0.99061
0.65259
0.1458
0.39467
0.60286
0.30575
0.31258
0.56562
0.92793
0.3336
0.34307
0.69378
0.66994
0.7879
0.15231
0.6356
0.51736
0.14229
0.26471
0.79441
0.39303
0.54227
0.06406
0.37038
0.7042
0.05523
0.04353
0.61061
0.59244
0.92042
0.05565
0.05902
0.18376
0.79898
0.56234
0.80645
0.83848
0.02392
0.88488
0.74058
0.40135
0.85011
0.45395
0.79599
0.45147
0.70431
0.05957
0.20412
0.5523
0.43517
0.10117
0.74329
0.50171
0.56318
0.83753
0.9887
0.58191
0.53072
0.63682
0.56242
0.80951
0.95207
0.22658
0.38339
0.1855
0.86334
0.94371
0.91744
0.9452
0.97255
0.98452
0.42725
0.80837
0.90958
0.65466
0.22241
0.22909
0.47619
0.61917
0.90935
0.64584
0.89601
0.15247
0.64139
0.73147
0.06455
0.38834
0.36874
0.64322
0.79919
0.56996
0.08845
0.27268
0.08918
0.29985
0.09448
0.49583
0.34567
0.78994
0.22765
0.42302
0.65166
0.1115
0.12565
0.64897
0.01203
0.44522
0.47305
0.5028
0.60354
0.33112
0.2513
0.29797
0.02483
0.91861
0.98871
0.58233
0.54639
0.2165
0.01049
0.38812
0.36062
0.34294
0.6887
0.48194
0.83177
0.77547
0.69229
0.61476
0.74597
0.601
0.23708
0.77192
0.56124
0.76583
0.33576
0.42317
0.65745
0.32562
0.04791
0.7726
0.58636
0.6954
0.72996
0.00869
0.32161
0.8996
0.28525
0.55429
0.5087
0.822
0.41396
0.31662
0.71502
0.45576
0.86317
0.93729
0.67982
0.15343
0.67682
0.04228
0.56424
0.87691
0.44573
0.49193
0.20128
0.4475
0.55759
0.63097
0.34583
0.79586
0.44699
0.5385
0.92465
0.21204
0.84535
0.27801
0.28636
0.59543
0.03101
0.14734
0.45148
0.70484
0.07915
0.92871
0.36239
0.40843
0.11186
0.13874
0.13334
0.93373
0.54806
0.27839
0.30048
0.11766
0.35359
0.08302
0.0718
0.65652
0.29114
0.77236
0.57719
0.35595
0.17028
0.3005
0.11841
0.38101
0.09746
0.60592
0.41908
0.50611
0.72599
0.86148
0.87473
0.36503
0.50606
0.7244
0.80273
0.70094
0.93476
0.58628
0.69233
0.61638
0.80603
0.8231
0.45468
0.82326
0.46068
0.04521
0.67278
0.89288
0.03641
0.34734
0.85151
0.50589
0.7178
0.55858
0.66763
0.70233
0.98628
0.49243
0.21977
0.13163
0.87018
0.19671
0.27845
0.30256
0.19469
0.20368
0.53603
0.83329
0.83189
0.77991
0.85679
0.70137
0.95071
0.1764
0.52686
0.4937
0.26699
0.87849
0.50423
0.65658
0.2934
0.85591
0.6688
0.74566
0.58953
0.81277
0.07232
0.67599
0.01182
0.43752
0.18843
0.97199
0.9636
0.65304
0.16263
0.01743
0.64504
0.86655
0.06231
0.30549
0.30323
0.21964
0.12672
0.68871
0.48212
0.8383
0.017
0.62899
0.27251
0.08287
0.06615
0.44762
0.56211
0.79808
0.52906
0.57528
0.28549
0.56304
0.83249
0.802
0.67409
0.94122
0.82506
0.52719
0.50623
0.73047
0.02729
0.00965
0.35711
0.21301
0.88155
0.61753
0.8488
0.40546
0.00212
0.07838
0.90024
0.30879
0.42511
0.72911
0.97725
0.15834
0.85854
0.76601
0.34254
0.67385
0.93229
0.49475
0.30566
0.30941
0.44812
0.58035
0.47307
0.5035
0.62965
0.29725
0.99808
0.92898
0.37241
0.77921
0.83089
0.74307
0.49377
0.26942
0.96858
0.83738
0.98298
0.37041
0.70508
0.08787
0.25119
0.29409
0.88121
0.6049
0.3814
0.11175
0.13468
0.9832
0.37849
0.00406
0.15005
0.55187
0.41922
0.51105
0.90877
0.62438
0.10222
0.78214
0.93915
0.74859
0.698
0.82612
0.5664
0.95673
0.39895
0.76115
0.16258
0.01539
0.56932
0.06477
0.39664
0.67555
0.99524
0.8239
0.48439
0.92256
0.13472
0.98483
0.43854
0.22615
0.36765
0.60321
0.31866
0.79043
0.24579
0.09409
0.48118
0.80386
0.74275
0.48188
0.82944
0.6893
0.50406
0.65037
0.06362
0.35398
0.0971
0.59272
0.9308
0.43949
0.26112
0.66148
0.47491
0.57182
0.15726
0.81856
0.28679
0.61131
0.61852
0.88525
0.75413
0.9027
0.39979
0.7922
0.31149
0.52508
0.42782
0.82947
0.69032
0.54193
0.05126
0.89646
0.16895
0.2511
0.29059
0.75196
0.82256
0.43482
0.08822
0.26414
0.77323
0.60969
0.55839
0.66054
0.43991
0.27668
0.23724
0.77806
0.78841
0.17116
0.33278
0.31301
0.58143
0.51283
0.97489
0.07104
0.62854
0.25582
0.46533
0.21719
0.03618
0.33859
0.52773
0.52588
0.45767
0.93399
0.55759
0.6309
0.34322
0.69925
0.87231
0.2754
0.18989
0.02598
0.96113
0.56194
0.79163
0.29014
0.7352
0.20241
0.48925
0.10209
0.77752
0.76812
0.42045
0.55657
0.59297
0.93972
0.7698
0.48266
0.8583
0.75726
0.01875
0.69384
0.67217
0.87015
0.19562
0.23797
0.80506
0.78718
0.1256
0.64728
0.94936
0.12651
0.68077
0.18836
0.96934
0.86568
0.03006
0.11219
0.15112
0.5916
0.8893
0.90413
0.45272
0.75057
0.77119
0.53389
0.75401
0.89825
0.23529
0.70559
0.10675
0.94968
0.13805
0.10769
0.98457
0.42926
0.88278
0.66305
0.53299
0.7208
0.6697
0.7789
0.81939
0.31746
0.74586
0.59684
0.08302
0.07176
0.65521
0.24284
0.98502
0.44564
0.48857
0.07725
0.85839
0.76037
0.13364
0.94481
0.95802
0.44662
0.52499
0.42461
0.71066
0.29443
0.89406
0.08013
0.96495
0.70322
0.01917
0.70923
0.2414
0.93177
0.47552
0.59412
0.98238
0.34825
0.88517
0.75141
0.80217
0.68019
0.16708
0.18208
0.73688
0.26451
0.78707
0.12147
0.49453
0.29751
0.00782
0.28932
0.705
0.08484
0.13891
0.13973
0.17004
0.29153
0.78679
0.11117
0.1133
0.19202
0.10477
0.87649
0.43027
0.92008
0.04305
0.59293
0.93835
0.71888
0.5987
0.15207
0.62678
0.19096
0.06567
0.42991
0.90671
0.54824
0.28478
0.53679
0.86113
0.86199
0.89371
0.06743
0.49494
0.31289
0.57705
0.35094
0.98489
0.44098
0.31624
0.7008
0.92961
0.39566
0.63959
0.66485
0.59961
0.18574
0.87231
0.27533
0.18728
0.92936
0.38645
0.29883
0.05687
0.10408
0.85098
0.48634
0.99451
0.7968
0.48171
0.82319
0.45821
0.95382
0.29133
0.77913
0.82786
0.63079
0.33941
0.55825
0.65521
0.24277
0.98241
0.34902
0.9139
0.81415
0.12363
0.57431
0.24942
0.22874
0.46328
0.14133
0.22918
0.47969
0.74842
0.69169
0.59242
0.91954
0.02301
0.85136
0.50028
0.51021
0.87786
0.4807
0.78576
0.07299
0.70066
0.92443
0.20374
0.53854
0.92599
0.26165
0.681
0.1969
0.28529
0.55584
0.56615
0.94748
0.05689
0.10486
0.8797
0.54908
0.31597
0.69092
0.56405
0.86985
0.18461
0.83063
0.73344
0.13734
0.08176
0.02497
0.92401
0.18847
0.97322
0.00929
0.34377
0.71951
0.62171
0.00331
0.1226
0.53613
0.83679
0.96114
0.56225
0.80338
0.7249
0.82125
0.38637
0.29566
0.93936
0.7565
0.99045
0.64677
0.93038
0.4241
0.69189
0.59986
0.19502
0.21567
0.97993
0.25749
0.52722
0.50718
0.76572
0.33156
0.26781
0.90898
0.63225
0.39336
0.55448
0.51579
0.08442
0.12356
0.5718
0.15673
0.79898
0.56219
0.80122
0.64526
0.87456
0.35868
0.27106
0.02923
0.08167
0.0218
0.80651
0.84088
0.11269
0.16972
0.27964
0.34681
0.83189
0.77998
0.8594
0.79798
0.52539
0.4395
0.26161
0.67976
0.1512
0.59457
0.99897
0.96187
0.58921
0.80084
0.63104
0.34841
0.89117
0.97336
0.01427
0.52786
0.53072
0.63654
0.55197
0.42306
0.65336
0.17417
0.44436
0.44126
0.32647
0.07942
0.93849
0.72404
0.78932
0.20482
0.57831
0.39738
0.70303
0.01229
0.45464
0.82164
0.40062
0.82311
0.45518
0.84154
0.13697
0.06796
0.51449
0.03618
0.33883
0.53687
0.86403
0.96905
0.85484
0.62925
0.28211
0.43799
0.20551
0.60389
0.34392
0.72522
0.83321
0.82896
0.67155
0.84736
0.35222
0.032
0.18393
0.80537
0.79865
0.54992
0.34688
0.83461
0.88051
0.579
0.4231
0.6548
0.2277
0.42492
0.72216
0.72005
0.64196
0.75272
0.85051
0.46884
0.34694
0.8368
0.96146
0.574
0.23813
0.81095
0.00521
0.19278
0.13293
0.91835
0.97883
0.21677
0.02058
0.76152
0.17627
0.52195
0.31223
0.55239
0.43834
0.21867
0.09087
0.36224
0.40275
0.90166
0.3614
0.37173
0.75405
0.90001
0.30056
0.12091
0.47371
0.52722
0.507
0.75919
0.09003
0.33111
0.25123
0.29536
0.92821
0.34394
0.72561
0.84758
0.36033
0.33228
0.29442
0.89339
0.05533
0.04713
0.74378
0.5197
0.22902
0.47383
0.5317
0.67281
0.89411
0.08211
0.03806
0.40838
0.11016
0.07607
0.81463
0.14145
0.23363
0.64419
0.83504
0.89643
0.16782
0.20932
0.74479
0.55711
0.61294
0.67868
0.11126
0.11665
0.31605
0.69388
0.67372
0.9276
0.32111
0.8809
0.59329
0.95186
0.21892
0.10008
0.70299
0.01073
0.39719
0.69615
0.7577
0.03488
0.29049
0.74822
0.68417
0.31433
0.63026
0.31976
0.83104
0.74851
0.69483
0.70862
0.21882
0.0962
0.55938
0.69702
0.78988
0.22557
0.34599
0.80158
0.65849
0.36415
0.4736
0.52326
0.36078
0.34887
0.90804
0.59743
0.10476
0.876
0.41199
0.24379
0.0203
0.75122
0.79504
0.41646
0.40918
0.13956
0.16362
0.05392
0.99501
0.81543
0.17105
0.32901
0.17331
0.41264
0.26754
0.89896
0.26147
0.67433
0.95014
0.15537
0.74873
0.70305
0.01282
0.47422
0.54624
0.21071
0.79637
0.46586
0.23699
0.76861
0.43851
0.22502
0.32588
0.0574
0.12381
0.5808
0.48965
0.11713
0.33369
0.34667
0.82695
0.5972
0.0965
0.57049
0.10828
0.00642
0.23742
0.78449
0.02602
0.96293
0.62852
0.25525
0.44444
0.44429
0.43875
0.23377
0.64966
0.0374
0.38393
0.2054
0.59969
0.18856
0.97675
0.13985
0.17442
0.45343
0.77679
0.74123
0.4256
0.74704
0.64049
0.69802
0.82686
0.59381
0.97116
0.93307
0.52372
0.37754
0.96902
0.85361
0.58355
0.59138
0.88111
0.60123
0.24562
0.08788
0.2514
0.30192
0.17105
0.32894
0.1707
0.31602
0.69286
0.63586
0.52671
0.48827
0.06593
0.4393
0.25399
0.39776
0.71701
0.5293
0.584
0.60797
0.49474
0.30527
0.29505
0.91675
0.91962
0.02601
0.96233
0.60633
0.43404
0.05967
0.20793
0.6933
0.65226
0.1338
0.95077
0.17866
0.61041
0.58532
0.6567
0.29774
