37
15
10
1048576
1000
Números generados: 1000
Período: 21288
0.00037
0.0136
0.50319
0.61812
0.87032
0.20187
0.46906
0.3553
0.14622
0.41009
0.1734
0.41567
0.37982
0.05331
0.97264
0.9877
0.54475
0.15595
0.77011
0.49423
0.28653
0.60178
0.26601
0.8425
0.17254
0.38398
0.20741
0.67411
0.94203
0.85509
0.63824
0.61503
0.75613
0.97701
0.14934
0.52562
0.44787
0.57104
0.12839
0.7506
0.7721
0.56784
0.00997
0.36907
0.65561
0.25745
0.52553
0.44451
0.44701
0.53928
0.95337
0.27478
0.16681
0.17213
0.3687
0.64209
0.75741
0.02415
0.8936
0.06306
0.33305
0.32289
0.94699
0.03864
0.42987
0.90526
0.49471
0.30421
0.25588
0.46755
0.29945
0.07948
0.94096
0.81543
0.17077
0.31856
0.78686
0.11392
0.21513
0.95992
0.51723
0.13745
0.08585
0.17642
0.52756
0.51981
0.23312
0.62528
0.13525
0.00416
0.154
0.6981
0.82954
0.69304
0.64246
0.77085
0.52158
0.29836
0.03929
0.4539
0.79436
0.39141
0.48221
0.84197
0.15278
0.65286
0.15579
0.76415
0.27359
0.12274
0.54146
0.03393
0.25542
0.45047
0.66754
0.69916
0.86878
0.14484
0.35924
0.29206
0.80605
0.82402
0.48863
0.07923
0.9315
0.46553
0.22464
0.31166
0.53125
0.6563
0.2831
0.47468
0.56331
0.84261
0.1767
0.53804
0.90757
0.58014
0.46502
0.20583
0.61578
0.78391
0.0045
0.16653
0.16158
0.97834
0.19846
0.34299
0.69046
0.54722
0.24709
0.14243
0.26983
0.98372
0.39747
0.70646
0.13893
0.14037
0.19354
0.16105
0.95889
0.47908
0.72612
0.86656
0.06273
0.32116
0.88291
0.66771
0.70533
0.09726
0.59848
0.14361
0.31344
0.59741
0.10426
0.85772
0.7357
0.22104
0.17859
0.60791
0.49262
0.22694
0.39666
0.67639
0.02657
0.98326
0.38053
0.07978
0.95183
0.21754
0.04916
0.81904
0.30451
0.26671
0.86837
0.12953
0.79262
0.32705
0.10084
0.73097
0.04606
0.70422
0.05615
0.07747
0.86657
0.06326
0.34074
0.60751
0.4778
0.67859
0.10794
0.99393
0.77524
0.684
0.30794
0.39395
0.57629
0.32264
0.93782
0.69919
0.87019
0.19707
0.2915
0.78562
0.06809
0.51918
0.20983
0.76359
0.25298
0.36028
0.33048
0.22783
0.42976
0.90103
0.33804
0.50744
0.77517
0.68146
0.21394
0.91589
0.88786
0.85099
0.48651
0.00104
0.03833
0.4184
0.48095
0.79511
0.41897
0.50187
0.56932
0.0647
0.39402
0.57893
0.42056
0.5608
0.74963
0.7365
0.25051
0.26875
0.94381
0.92086
0.07185
0.65828
0.35642
0.18768
0.94415
0.93349
0.53924
0.952
0.22386
0.28286
0.4659
0.23822
0.8143
0.12924
0.7819
0.93015
0.41567
0.37985
0.05462
0.02095
0.77503
0.67631
0.02333
0.86314
0.93634
0.64457
0.84915
0.41866
0.49041
0.145
0.3651
0.50878
0.82493
0.52233
0.32606
0.06417
0.37448
0.85564
0.65878
0.37488
0.8705
0.20843
0.7119
0.34031
0.59131
0.87854
0.50593
0.71925
0.61211
0.6482
0.98324
0.37986
0.05497
0.034
0.2581
0.5497
0.33884
0.53694
0.86664
0.06566
0.42952
0.89235
0.01687
0.62405
0.08973
0.31996
0.83866
0.03051
0.12902
0.77389
0.63379
0.4501
0.65385
0.19259
0.12587
0.65723
0.31754
0.74893
0.71042
0.28568
0.57027
0.10013
0.70483
0.07862
0.90913
0.63779
0.59834
0.1386
0.12805
0.73789
0.30209
0.17751
0.56786
0.01079
0.3991
0.76665
0.36625
0.5512
0.39423
0.5867
0.70779
0.18822
0.96426
0.67767
0.07393
0.73535
0.20781
0.689
0.49298
0.24042
0.89539
0.12946
0.79015
0.23566
0.71938
0.61723
0.8375
0.98768
0.54405
0.12984
0.80398
0.74745
0.65552
0.2542
0.40541
0.00032
0.0118
0.43661
0.15449
0.71602
0.49278
0.23272
0.61077
0.59865
0.1502
0.55759
0.63072
0.33669
0.45772
0.93561
0.61765
0.85299
0.56083
0.75059
0.77175
0.55478
0.52691
0.49568
0.3401
0.58365
0.59523
0.02342
0.86664
0.06559
0.42691
0.79573
0.44219
0.36094
0.35497
0.1339
0.95444
0.31444
0.63429
0.46859
0.33798
0.50518
0.69162
0.58984
0.82423
0.49664
0.3756
0.89707
0.19153
0.08667
0.20673
0.64906
0.01507
0.5575
0.6274
0.21397
0.91691
0.92573
0.25187
0.31935
0.81601
0.19233
0.11627
0.30211
0.17818
0.59266
0.92861
0.35854
0.26612
0.84645
0.31876
0.79431
0.3894
0.4078
0.0885
0.27444
0.15446
0.71517
0.46144
0.07337
0.71463
0.44143
0.3331
0.32487
0.0201
0.74381
0.52087
0.27211
0.06794
0.51389
0.01399
0.51762
0.1521
0.62766
0.2236
0.27333
0.11339
0.19548
0.23272
0.61053
0.58951
0.81206
0.04621
0.70987
0.26504
0.80651
0.84085
0.11139
0.12141
0.4923
0.21526
0.96451
0.68695
0.4173
0.43995
0.27802
0.28686
0.61371
0.7073
0.17009
0.29319
0.84815
0.38157
0.11824
0.37491
0.87159
0.2489
0.2094
0.74782
0.66939
0.76729
0.38985
0.42463
0.71126
0.31663
0.71527
0.4649
0.20131
0.44867
0.60068
0.22508
0.32803
0.13704
0.0705
0.60849
0.51425
0.02726
0.00852
0.31533
0.66721
0.6867
0.40791
0.09266
0.4285
0.85463
0.6212
0.98444
0.42411
0.69217
0.61031
0.58147
0.51439
0.03234
0.19653
0.27146
0.04405
0.63001
0.31051
0.48898
0.09221
0.41195
0.24231
0.96547
0.72235
0.72679
0.89133
0.97925
0.2323
0.59504
0.01637
0.60552
0.4043
0.95907
0.48558
0.96635
0.75495
0.93315
0.5265
0.48068
0.78523
0.05341
0.97606
0.11434
0.23048
0.52785
0.53054
0.63001
0.31044
0.48637
0.9956
0.83728
0.97921
0.23071
0.53629
0.84257
0.17526
0.48451
0.92701
0.29923
0.07144
0.64328
0.80155
0.65743
0.32498
0.02441
0.90309
0.41426
0.32749
0.11714
0.33415
0.36365
0.45494
0.83261
0.80666
0.84642
0.31767
0.75383
0.8919
0.00028
0.01042
0.38569
0.27053
0.00979
0.3623
0.40493
0.9826
0.3564
0.18676
0.9102
0.67752
0.06842
0.53168
0.672
0.86408
0.97106
0.92926
0.38271
0.16044
0.93638
0.64612
0.9066
0.54414
0.13333
0.93324
0.52979
0.6021
0.27773
0.27595
0.21029
0.7806
0.88227
0.644
0.82798
0.63531
0.50653
0.74148
0.43463
0.08127
0.00694
0.25686
0.50386
0.64289
0.78684
0.113
0.18119
0.70396
0.04641
0.71713
0.53399
0.75764
0.03273
0.21085
0.80153
0.65648
0.28973
0.72013
0.64493
0.86238
0.90825
0.60533
0.39721
0.69665
0.77598
0.71117
0.31324
0.58993
0.82748
0.61675
0.81979
0.33228
0.2942
0.88555
0.76549
0.32309
0.95447
0.31543
0.67084
0.82117
0.38348
0.1886
0.97823
0.19468
0.20329
0.52167
0.30192
0.17116
0.33285
0.31562
0.67804
0.08751
0.23799
0.8058
0.8146
0.14004
0.1814
0.71193
0.34147
0.6344
0.47265
0.48812
0.06042
0.23563
0.71818
0.57284
0.19508
0.21814
0.07132
0.63894
0.64097
0.71574
0.48226
0.84366
0.21545
0.97157
0.94807
0.07859
0.90779
0.58818
0.76269
0.21971
0.12912
0.77748
0.76696
0.37736
0.96245
0.61077
0.59855
0.14629
0.41267
0.2687
0.94204
0.85558
0.65652
0.29132
0.77888
0.81872
0.29265
0.82804
0.63739
0.58356
0.59156
0.88764
0.84276
0.18231
0.74563
0.5883
0.76707
0.3816
0.11912
0.40755
0.07925
0.93238
0.49817
0.4323
0.99514
0.82002
0.34078
0.60885
0.52741
0.51424
0.02683
0.99286
0.73565
0.21914
0.10809
0.99936
0.9763
0.12319
0.55818
0.65277
0.15268
0.64926
0.02262
0.83689
0.96499
0.70456
0.06878
0.54487
0.16029
0.9307
0.43593
0.12926
0.78253
0.95365
0.28519
0.55196
0.42253
0.63377
0.44957
0.63427
0.46799
0.31578
0.68397
0.30685
0.35348
0.07879
0.91513
0.85974
0.81044
0.98626
0.49168
0.19236
0.11719
0.33606
0.43415
0.06348
0.34893
0.9104
0.6849
0.34129
0.62773
0.2259
0.3582
0.25331
0.37253
0.78352
0.99017
0.63646
0.54915
0.31862
0.78884
0.18703
0.92029
0.05092
0.88407
0.71069
0.29553
0.93453
0.57763
0.37247
0.78129
0.90792
0.59316
0.94678
0.03092
0.14395
0.32615
0.06742
0.49459
0.29984
0.09399
0.47755
0.66938
0.76719
0.38594
0.27971
0.34924
0.92198
0.11313
0.18581
0.87499
0.37456
0.85857
0.76714
0.38431
0.21965
0.12714
0.70437
0.06179
0.28637
0.59561
0.03754
0.38887
0.38818
0.3626
0.41605
0.39386
0.57294
0.19861
0.3487
0.90197
0.37287
0.79604
0.45366
0.78526
0.05457
0.01915
0.70845
0.21268
0.86903
0.15405
0.7
0.90004
0.30159
0.15877
0.8746
0.36005
0.32198
0.91319
0.7879
0.15228
0.6343
0.46905
0.35495
0.13316
0.92703
0.3
0.10016
0.70603
0.12301
0.55155
0.40733
0.07107
0.62949
0.29107
0.7696
0.47535
0.58805
0.75782
0.03954
0.46283
0.12467
0.61295
0.67904
0.12432
0.59971
0.18944
0.00939
0.34751
0.8579
0.7422
0.46127
0.06698
0.47832
0.69796
0.82471
0.51417
0.02447
0.90538
0.49912
0.46741
0.29419
0.88495
0.74329
0.50188
0.5697
0.07906
0.9254
0.23967
0.86762
0.10197
0.77296
0.5997
0.18891
0.98981
0.62291
0.04781
0.76893
0.45058
0.67153
0.84669
0.32741
0.11417
0.22448
0.3059
0.31844
0.78235
0.94681
0.03191
0.18051
0.67873
0.11292
0.17801
0.58645
0.69883
0.85661
0.69442
0.69351
0.66003
0.42103
0.5782
0.39329
0.55159
0.40874
0.12329
0.56175
0.78464
0.03164
0.17052
0.30925
0.44219
0.36102
0.35758
0.23052
