6.6349 5.0239 3.8415 2.7055 2.0722 1.6424 1.3233 1.0742 0.8735 0.7083 0.5707 0.4549
9.2104 7.3778 5.9915 4.6052 3.7942 3.2189 2.7726 2.4079 2.0996 1.8326 1.597 1.3863
11.3449 9.3484 7.8147 6.2514 5.317 4.6416 4.1083 3.6649 3.2831 2.9462 2.643 2.366
13.2767 11.1433 9.4877 7.7794 6.7449 5.9886 5.3853 4.8784 4.4377 4.0446 3.6871 3.3567
15.0863 12.8325 11.0705 9.2363 8.1152 7.2893 6.6257 6.0644 5.5731 5.1319 4.7278 4.3515
16.8119 14.4494 12.5916 10.6446 9.4461 8.5581 7.8408 7.2311 6.6948 6.2108 5.7652 5.3481
18.4753 16.0128 14.0671 12.017 10.7479 9.8032 9.0371 8.3834 7.8061 7.2832 6.8 6.3458
20.0902 17.5345 15.5073 13.3616 12.0271 11.0301 10.2189 9.5245 8.9094 8.3505 7.8325 7.3441
21.666 19.0228 16.919 14.6837 13.288 12.2421 11.3887 10.6564 10.006 9.4136 8.8632 8.3428
23.2093 20.4832 18.307 15.9872 14.5339 13.442 12.5489 11.7807 11.0971 10.4732 9.8922 9.3418
24.725 21.92 19.6752 17.275 15.7671 14.6314 13.7007 12.8987 12.1836 11.5298 10.9199 10.341
26.217 23.3367 21.0261 18.5493 16.9893 15.812 14.8454 14.0111 13.2661 12.5838 11.9463 11.3403
27.6882 24.7356 22.362 19.8119 18.202 16.9848 15.9839 15.1187 14.3451 13.6356 12.9717 12.3398
29.1412 26.1189 23.6848 21.0641 19.4062 18.1508 17.1169 16.2221 15.4209 14.6853 13.9961 13.3393
30.578 27.4884 24.9958 22.3071 20.603 19.3107 18.2451 17.3217 16.494 15.7332 15.0197 14.3389
31.9999 28.8453 26.2962 23.5418 21.7931 20.4651 19.3689 18.4179 17.5646 16.7795 16.0425 15.3385
33.4087 30.191 27.5871 24.769 22.977 21.6146 20.4887 19.511 18.633 17.8244 17.0646 16.3382
34.8052 31.5264 28.8693 25.9894 24.1555 22.7595 21.6049 20.6014 19.6993 18.8679 18.086 17.3379
36.1908 32.8523 30.1435 27.2036 25.3289 23.9004 22.7178 21.6891 20.7638 19.9102 19.1069 18.3376
37.5663 34.1696 31.4104 28.412 26.4976 25.0375 23.8277 22.7745 21.8265 20.9514 20.1272 19.3374
38.9322 35.4789 32.6706 29.6151 27.662 26.1711 24.9348 23.8578 22.8876 21.9915 21.147 20.3372
40.2894 36.7807 33.9245 30.8133 28.8224 27.3015 26.0393 24.939 23.9473 23.0307 22.1663 21.337
41.6383 38.0756 35.1725 32.0069 29.9792 28.4288 27.1413 26.0184 25.0055 24.0689 23.1852 22.3369
42.9798 39.3641 36.415 33.1962 31.1325 29.5533 28.2412 27.096 26.0625 25.1064 24.2037 23.3367
44.314 40.6465 37.6525 34.3816 32.2825 30.6752 29.3388 28.1719 27.1183 26.143 25.2218 24.3366
45.6416 41.9231 38.8851 35.5632 33.4295 31.7946 30.4346 29.2463 28.173 27.1789 26.2395 25.3365
46.9628 43.1945 40.1133 36.7412 34.5736 32.9117 31.5284 30.3193 29.2266 28.2141 27.2569 26.3363
48.2782 44.4608 41.3372 37.9159 35.715 34.0266 32.6205 31.3909 30.2791 29.2486 28.274 27.3362
49.5878 45.7223 42.5569 39.0875 36.8538 35.1394 33.7109 32.4612 31.3308 30.2825 29.2908 28.3361
50.8922 46.9792 43.773 40.256 37.9902 36.2502 34.7997 33.5302 32.3815 31.3159 30.3073 29.336
52.1914 48.2319 44.9853 41.4217 39.1244 37.3591 35.8871 34.5981 33.4314 32.3486 31.3235 30.3359
53.4857 49.4804 46.1942 42.5847 40.2563 38.4663 36.973 35.6649 34.4804 33.3809 32.3394 31.3359
54.7754 50.7251 47.3999 43.7452 41.3861 39.5718 38.0575 36.7307 35.5287 34.4126 33.3551 32.3358
56.0609 51.966 48.6024 44.9032 42.514 40.6756 39.1408 37.7954 36.5763 35.4438 34.3706 33.3357
57.342 53.2033 49.8018 46.0588 43.6399 41.778 40.2228 38.8591 37.6231 36.4746 35.3858 34.3356
58.6192 54.4373 50.9985 47.2122 44.7641 42.8788 41.3036 39.922 38.6693 37.5049 36.4008 35.3356
59.8926 55.668 52.1923 48.3634 45.8864 43.9782 42.3833 40.9839 39.7148 38.5348 37.4156 36.3355
61.162 56.8955 53.3835 49.5126 47.0072 45.0763 43.4619 42.045 40.7597 39.5643 38.4302 37.3354
62.4281 58.1201 54.5722 50.6598 48.1263 46.173 44.5395 43.1053 41.804 40.5935 39.4446 38.3354
63.6908 59.3417 55.7585 51.805 49.2438 47.2685 45.616 44.1649 42.8477 41.6222 40.4589 39.3353
